1011110011010110000010110001111000111010111101001010100100011101010111010101001010000011010000100001
1000111010001001110101111111111011010110010111000101010101111000101000001011111001101101011111001101
0011100000001110010101010011001000111001001100001011100100000100000100000110011110100111101110010000
0000011010100011000101101111101101101000000101000000110100010000111001001110010010111101100100000100
0100000010111000100100011011111001001011000100010000011110010110111010110110111110011110011010001100
1001111101011000010010000000000100101011110001000101101101100000010011111011101111101011010010011110
0111110011100001111101111110000110001100000100011100011110111000011101101110101010001010010110011101
0100010111111011001011000011111101100110111010110110010010001100010010001100101010010001000010011010
0001111110101111110010000010010111000011001110010111110011010001110111010111010001100101101101100111
0010100110100100000101100001100101011011001011101111001000110010111110011100010100000101100101110101
1010111101001000001101101001101110101001001111111000010100011100100000101000111101101111010111101111
0001101010111010001000111010101111001101100100100100111011011100110001101011000010100001100101110010
1100111101110000101010111101111000011101101101111000011101011011011111101010101001111001011110010101
1110100000101010000011101011110011101111100101101110000001101000110111001011010101011010000100100111
1110010000101110000010111011100001100100111010011110101001111101111101011110111000000000101011000100
1010100001101101111010100110011110101101011110001110000011010111001100001100101000000101000101000010
0101000011011111010010110010000010101100001110011000110111110111111001010101111011100110001011010110
1011100111100011101010001011010111001010011010110011110001000011110111110000011100011011011010011001
1100000001101010000001110101100001001001101000101111000011001001111110010010000111001100000111100011
0000000001000000100111100000001100100000100110101000110110110000000001111100001101110101110011001101
0101100101000110011101100001100100011001100111111001001001010000101011101100111001101101000010001100
0101101000000101001111100001101011100100100100100011111111001101101110100100111110101000001101011000
0110011100010110010001101010011000001111110011011011001100101001011100001000001100001111110010101010
0001000001100111000110111010000000010010111100010100101000110111010011110001010000010101110001101110
0011000010010101000010001100011010110111100011111111111001101010000101011110000111001111100001001011
0011100110001110000100101000000001011000001110000010010110110100001001000111111111110101000010100000
0000001111110000011011000100001011011101010000001100101101100001000110000000110000110000100100000000
1001101011001111100100001111111011100001111001001011011100101001001000101101001100010100010101001001
0111000000110100101101000101101110000001000110100010000010000110110010100110100110010011111100101100
0100010101011001110011111110010001100110001101011010111001000111001011101011001100101001110001101000
1100000001101001010000001100101101101101010010111111011101000110000000101100011111110001001010000000
0111111110001110011000010010011010101010010011011111110110111010000001001100001110001110111010100100
1000110011111010110001011111111001010010111010001001101000110010111011000101101101011111000001010111
0110011010111101110111110111000100101101110111000010101010111101101110001010110001011110000100010101
1001111010011001001001100100000010101000011010110010001011001000010011000001011010011110000000011111
0110111100111010100001011001110101100110111010001101000110001000110101100101110000001010100000000010
0100010100000001011110000000111101100100100000100101101101011101000110110010000010000101100011111100
1011001010100111010110101110001000101100110101010001101011111011011101111001110011101110001101000100
0111111101100001111111010000100011110001011011011100010010010011100010111011110010111101100111001100
1111110100110010111011100011110011100111110011010110010011101100100110011110011101100101111011001011
0001110101000100101010000001000100011001011001111011111110000110111101000001110100011101101110111001
0010001010110101000011101111110100000101111101110111101011110000001001111011000011100011100001001101
1010001000011101011111100000111010010000000100101010110011000111010010111111101000011110011010111111
0001110011011111001000010100011001111100000011111011110100110010011101110111001000110010001011010000
1111101100110100111100011001000011100000011100111011110010000000110100000110110111000111111011001001
1011111101010000110101111110111010111101001101100110101010000111100110000111001000010111011000111000
0101010101101011100111110101111100001011111010100101110101010110110100011000010110000110010001000010
0101101010100100011001010010101111111010001111101001110111001101010111101010000111000101000010111100
0101011000111111010110100011110110010110101010100011000101011000101110110011011010010000111011001111
1001011100111111110101101000101101011101011110001010010110100111000110111000011110111100001010110110
1011001010101100001000110011001100000001010100010111100111011101011011011011010000110001110101000011
1100110100100111100011110000011101011001010101011000110110111011010110011000001111001000010101000011
0101011011100111110100001001010010011111001100011010010101000011110001110100101110110110010101010111
0100000100010110100111010101000010110100110001011110010000100111100111010010110001000011101100110110
0110101011000000111001101010000011101000100111100100010100100100010111001010110000000110110100110001
1000111001000100000110010000010110101010010001001010001000101110101010011110010110110010000111001110
1110000011101011111111110111000101100011100011100010101110011001001000111110100101110001101011111011
1000010110011001001110101011100001000010001100100001011100010111011011011001011011011111010001100111
0101100101011010101111000100011011101101101000010111011000011110011101111011010001100101100011110011
1000001011001101010110010100111010010111011110111110011000011011010000101100110001000000011110011111
1010111001010110100111001110001100100000111101111100000111111001101100101111010100110100001100010000
0001100110010100010010110110110111001010011000101100111110100001100011011101110000000011011011000001
1000100110100000011001110110111010110100110110011100011101110110101111100100101111100010101011001101
0110110010111010100000001000101101010010011010000010010101011111010110101000001000011101001100101110
1000001000010101001010110011011110000101110100000101110100001010010001110100110000101011001101100001
1001111101101000000001100101100000101011100000010010010000111111001100110111110001000100101010010110
0010101001001101000101000010101100011101101011111110110111100000100010100000101010001010011011001000
0111111010111110011000011000100101011100011101100000001111100010101011110001101100110101001001011000
1100101100010001100100001000000010001111100000111101100010010111111001001001110000101100111101010001
1010011101101100010000101011010111100010111001100100100000001011001000111011100000010100100001101011
1000000100100001101000001011000101001011010010100100100001111001101001100111101111101010101101010010
1111000001100101111000100000010101011010100110000010000000000110011010001010001000000111111101010110
0101101100000001110111010001011001111011111110011000000010110010000101110011010000001000101100100100
0100110000001000110011111001001011100101101010001000111011111100011101010101101011000011101111100010
0110011000011111100011100100110100111011010100010101010100100010011110100110100010111100000001000010
0000011111101100000000000100100100000101010100110011001010100110011001100111110011111000010000101000
1001100110100011010100110010000100110101011011100111000011011011101111111010110001100111010001111001
0101001110111001110001000110001011111010000010101001100101101001010111000001011110000000010100001111
0110111101001101100100101100011110101100000110011001111011010001000010010000001111001100001100010011
0101101100111110110100000110101011101001011100010010010000000100010110111000001010010100100100101000
0110100101010010110011011101101011001011111100111000100010110111011110000100111011101111100111010101
1111011011000110001101000010101110010011101110100011101100100011111110000100010001111010100111100010
0101001001100010100010101001011100000110000000010011011111100010011100100000010011000110100111010100
1001001011011011001111000010100000101100001110111000000011101111001111100111100010010011000101101011
0010101111101011001011010111100101100011101000010111010001101010110111011110111000100000100100111110
0111111000011011001100000111001001010110001101001111101110001001100101101111011101001110100001111101
1110000011100101010010011001100000100110000100001001110011101011000011011001010010101110001000100111
0100011001010101110111101101010110111011001011100101011100011000111011011110011001110101110010101010
1100011000011101000110010111100110111010011111111111010001010001001100110001110111010010110110110011
0000101000111100110110001101110010001011000100111000011101100101000101001001011111000111001001101110
0100101100010010111110111111001111100010101101100111111100001110001010000011101110011101000111110001
1011000101000111011011100110111000000001001010101000100011001011011111010111111010010011111010101111
0100000111101111100000110010101011011000011100111101110010010110011000001110001101010010011100111011
0110110111011011001100000110101001010001101000000110011000001001100100010100100010011100000100010000
0110010010010000000010110110110101111110111010010011001010001010101010111010010111010111110111100011
0001011101011001010100010100111110011000101010111000011001000011001101110101110010001000110011111001
0010111001001101101011000010001000011110010000110000100100110110101110101100111111100010011001011100
1100000110101001000011010001110000111100111101001010011000011001010101000110011000001001001101010100
0000111010010011011000101011101100101000001000010110110010100010000010010001000011000101111110101000
0011010110101000101011111010010110001011001100110110001110011000000001100000010101100001000101111010
